[[-1.3962634e-03]
 [-8.8817842e-18]]

[[-1.39626340e-03 -2.79252680e-03]
 [-8.88178420e-18  8.39293426e-03]]

[[-1.39626340e-03 -2.79252680e-03 -4.18879020e-03]
 [-8.88178420e-18  8.39293426e-03  4.19070549e-03]]

[[-1.39626340e-03 -2.79252680e-03 -4.18879020e-03  1.39626340e-03]
 [-8.88178420e-18  8.39293426e-03  4.19070549e-03  6.99019488e-03]]

[[-1.39626340e-03 -2.79252680e-03 -4.18879020e-03  1.39626340e-03 1.39626340e-03]
 [-8.88178420e-18  8.39293426e-03  4.19070549e-03  6.99019488e-03 1.39633429e-03]]

[[-1.39626340e-03 -2.79252680e-03 -4.18879020e-03  1.39626340e-03 1.39626340e-03  2.79252680e-03]
 [-8.88178420e-18  8.39293426e-03  4.19070549e-03  6.99019488e-03 1.39633429e-03  1.12065796e-02]]

[[-1.39626340e-03 -2.79252680e-03 -4.18879020e-03  1.39626340e-03 1.39626340e-03  2.79252680e-03  5.58505361e-03]
 [-8.88178420e-18  8.39293426e-03  4.19070549e-03  6.99019488e-03 1.39633429e-03  1.12065796e-02  5.58959595e-03]]

